#token type id direction x y width height offsetX offsetY maxFrame
#0-idle 1-move 2-attack 3-casting 4-hit 5-Dead
#0 - leftdown 1-left up 2-rightdown 3-rightup 4-left 5-right 6-up 7-down
a 0 0 0.0 500.0 64.0 92.0 19.5 0.0 4
a 0 1 360.0 400.0 42.0 89.0 0.0 0.0 4
a 0 2 0.0 92.0 64.0 92.0 -19.5 0.0 4
a 0 3 360.0 500.0 42.0 89.0 0.0 0.0 4
a 1 0 360.0 0.0 39.0 94.0 0.0 0.0 6
a 1 1 360.0 100.0 44.0 95.0 0.0 0.0 6
a 1 2 360.0 200.0 39.0 94.0 0.0 0.0 6
a 1 3 360.0 300.0 44.0 95.0 0.0 0.0 6
a 1 4 0.0 185.0 47.0 88.0 0.0 0.0 6
a 1 5 0.0 0.0 47.0 88.0 0.0 0.0 6
a 1 6 0.0 373.0 37.0 92.0 0.0 0.0 6
a 1 7 0.0 279.0 35.0 91.0 0.0 0.0 6
a 2 0 0.0 600.0 121.0 98.0 19.5 0.0 7
a 2 1 0.0 700.0 103.0 84.0 0.0 0.0 7
a 2 2 0.0 800.0 121.0 98.0 -19.5 0.0 7
a 2 3 0.0 900.0 103.0 84.0 0.0 0.0 7
a 3 0 880.0 300.0 50.0 89.0 10.5 0.0 0
a 3 1 950.0 300.0 46.0 85.0 0.0 0.0 0
a 3 2 880.0 400.0 50.0 89.0 -10.5 0.0 0
a 3 3 950.0 400.0 46.0 85.0 0.0 0.0 0
a 4 0 700.0 0.0 49.0 73.0 0.0 0.0 1
a 4 1 850.0 0.0 48.0 74.0 0.0 0.0 1
a 4 2 700.0 100.0 49.0 73.0 0.0 0.0 1
a 4 3 850.0 100.0 48.0 74.0 0.0 0.0 1
a 5 0 700.0 200.0 69.0 44.0 19.5 0.0 0
a 5 1 850.0 200.0 62.0 50.0 0.0 0.0 0 
a 5 2 700.0 250.0 69.0 44.0 -19.5 0.0 0
a 5 3 850.0 250.0 62.0 50.0 0.0 0.0 0
