#token type id direction x y width height offsetX offsetY maxFrame
#0-idle 1-move 2-attack 3-casting 4-hit 5-Dead
#0 - leftdown, rightdown 1-leftup, rightup
a 0 0 0.0 0.0 97.0 118.0 0.0 0.0 7
a 0 1 11.0 156.0 95.0 116.0 0.0 0.0 7
a 1 0 7.0 310.0 108.0 123.0 0.0 0.0 3
a 1 1 483.0 318.0 92.5 114.0 0.0 0.0 3
a 2 0 0.0 470.0 114.0 120.0 0.0 0.0 5
a 2 1 0.0 600.0 142.0 111.0 0.0 0.0 5
a 3 0 349.0 984.0 83.0 118.0 0.0 0.0 0
a 3 1 206.0 1128.0 70.0 105.0 0.0 0.0 0
a 4 0 0.0 730.0 134.0 118.0 0.0 0.0 1
a 4 1 420.0 730.0 85.0 120.0 0.0 0.0 1
a 5 0 0.0 730.0 134.0 118.0 0.0 0.0 1
a 5 1 420.0 730.0 85.0 120.0 0.0 0.0 1